3.0
3.0
3.04999995232
3.04999995232
3.09999990463
3.09999990463
3.15000009537
3.15000009537
3.22499990463
3.22499990463
3.33750009537
3.33750009537
3.50624990463
3.50624990463
3.75937509537
3.75937509537
4.13906240463
4.13906240463
4.70859384537
4.70859384537
5.56289052963
5.56289052963
6.84433603287
6.84433603287
8.76650428772
8.76650428772
12.6108398438
12.6108398438
17.6108398438
17.6108398438
22.6108398438
22.6108398438
27.6108398438
27.6108398438
28.6741962433
28.6741962433
28.761680603
28.761680603
28.8513832092
28.8513832092
28.9859352112
28.9859352112
29.1877651215
29.1877651215
29.4905090332
29.4905090332
29.9446239471
29.9446239471
30.6257972717
30.6257972717
31.6475563049
31.6475563049
33.1801948547
33.1801948547
35.4791526794
35.4791526794
38.5671424866
38.5671424866
38.7597923279
38.7597923279
39.0487670898
39.0487670898
39.4822311401
39.4822311401
40.349155426
40.349155426
41.6495437622
41.6495437622
43.6001281738
43.6001281738
44.383140564
44.383140564
44.4610481262
44.4610481262
44.5077896118
44.5077896118
44.5779037476
44.5779037476
44.6830711365
44.6830711365
44.8408279419
44.8408279419
45.077457428
45.077457428
45.4324035645
45.4324035645
45.9648246765
45.9648246765
46.7634506226
46.7634506226
47.9613952637
47.9613952637
49.7583122253
49.7583122253
52.4536819458
52.4536819458
56.4967422485
56.4967422485
61.4967422485
61.4967422485
62.9432144165
62.9432144165
63.4013900757
63.4013900757
63.7819137573
63.7819137573
63.9234008789
63.9234008789
64.1770782471
64.1770782471
64.5575866699
64.5575866699
65.1283569336
65.1283569336
65.4429473877
65.4429473877
65.6190795898
65.6190795898
65.8832702637
65.8832702637
66.2795715332
66.2795715332
66.8740158081
66.8740158081
67.7656860352
67.7656860352
69.103187561
69.103187561
71.1094436646
71.1094436646
74.1188278198
74.1188278198
75.6773223877
75.6773223877
75.6928100586
75.6928100586
75.7160415649
75.7160415649
75.7508850098
75.7508850098
75.8031539917
75.8031539917
75.8815612793
75.8815612793
75.9991760254
75.9991760254
76.1755905151
76.1755905151
76.4402160645
76.4402160645
76.8371505737
76.8371505737
77.4325485229
77.4325485229
78.3256530762
78.3256530762
79.6653137207
79.6653137207
81.6747970581
81.6747970581
84.6890258789
84.6890258789
88.7494812012
88.7494812012
88.9984970093
88.9984970093
89.1207809448
89.1207809448
89.3042144775
89.3042144775
89.5793609619
89.5793609619
89.9920883179
89.9920883179
90.6111755371
90.6111755371
91.5398025513
91.5398025513
92.9327392578
92.9327392578
95.0221557617
95.0221557617
98.1562728882
98.1562728882
102.857444763
102.857444763
103.0
103.0
