0.00200000009499
0.0
0.00200000009499
0.0
0.00200000009499
0.0
0.00200000009499
0.0
0.00200000009499
0.0
0.00200000009499
0.0
0.00200000009499
0.0
0.00200000009499
0.0
0.00200000009499
0.0
0.00200000009499
0.0
0.00200000009499
0.0
0.00200000009499
0.0
0.00200000009499
0.0
0.00471509294584
0.0
0.0181958135217
0.0
0.0361894741654
0.0
0.0584189668298
0.0
0.0633752346039
0.0
0.0554253906012
0.0
0.0555958896875
0.0
0.0559388622642
0.0
0.0568591766059
0.0
0.0578444600105
0.0
0.0594039782882
0.0
0.0618661530316
0.0
0.0657606646419
0.0
0.0719208493829
0.0
0.0816502124071
0.0
0.0953376442194
0.0
0.0761812105775
0.0
0.0758193805814
0.0
0.0742096081376
0.0
0.0759109184146
0.0
0.0795483216643
0.0
0.0858868062496
0.0
0.0885253995657
0.0
0.0774963125587
0.0
0.0770639926195
0.0
0.0759746059775
0.0
0.0759575739503
0.0
0.0761209800839
0.0
0.076480306685
0.0
0.0771469548345
0.0
0.0782965794206
0.0
0.0802138820291
0.0
0.0833652690053
0.0
0.0884948298335
0.0
0.0967558547854
0.0
0.109601400793
0.0
0.125736311078
0.0
0.130403697491
0.0
0.122079573572
0.0
0.115635290742
0.0
0.109978675842
0.0
0.110001727939
0.0
0.110398873687
0.0
0.105335660279
0.0
0.105588518083
0.0
0.105783052742
0.0
0.10605134815
0.0
0.106596142054
0.0
0.107493020594
0.0
0.108966313303
0.0
0.111386924982
0.0
0.115337856114
0.0
0.121694758534
0.0
0.125073075294
0.0
0.120801374316
0.0
0.119584873319
0.0
0.114812374115
0.0
0.113954924047
0.0
0.113691851497
0.0
0.113720454276
0.0
0.113865040243
0.0
0.114157512784
0.0
0.114678010345
0.0
0.115553215146
0.0
0.116982474923
0.0
0.119277991354
0.0
0.122920133173
0.0
0.128631725907
0.0
0.136564657092
0.0
0.131685495377
0.0
0.131680950522
0.0
0.128291279078
0.0
0.128406852484
0.0
0.128847360611
0.0
0.129581540823
0.0
0.130773633718
0.0
0.132704555988
0.0
0.135824114084
0.0
0.14076051116
0.0
0.148531928658
0.0
0.148767575622
0.0
