-130 0
130 0
130 6
-130 6
-2 20
-16 20
-51 20
-51 6
69 6
69 20
130 20
130 28
73.2 28
72 26
69 26
-2 26
-5 26
-13 26
-16 26
-130 20
-51 26
-54 26
-56 28
-130 28
-12.2 28
-5.8 28
-2 20
-16 20
-51 20
-51 6
69 6
69 20
130 20
130 28
73.2 28
72 26
69 26
130 6
-2 26
-5 26
-13 26
-16 26
-16 23
-130 20
-51 23
-51 26
-54 26
-56 28
-130 28
130 39
107 39
93 39
86 31
130 31
-12.2 28
-11 31
-59 31
-5.8 28
-7 31
-130 6
-88 39
-92 44
-130 44
-130 39
75 31
-67 31
-130 31
-75 39
112 44
130 44
-130 0
130 0
130 6
-130 6
0 0
